LARGE DATASET:
(200, 40): 0.8818198187419486

{(60,  20, 4,  20):  0.8559027777777778,
 (60,  20, 4,  50):  0.8940972222222222,
 (60,  20, 4,  100): 0.8888888888888888,
 (60,  20, 8,  20):  0.8402777777777778,
 (60,  20, 8,  50):  0.875,
 (60,  20, 8,  100): 0.8871527777777778,
 (60,  20, 12, 20):  0.8697916666666666,
 (60,  20, 12, 50):  0.8802083333333334,
 (60,  20, 12, 100): 0.8888888888888888,
 (60,  30, 4,  20):  0.8819444444444444,
 (60,  30, 4,  50):  0.8854166666666666,
 (60,  30, 4,  100): 0.8854166666666666,
 (60,  30, 8,  20):  0.8125,
 (60,  30, 8,  50):  0.8940972222222222,
 (60,  30, 8,  100): 0.9079861111111112,
 (60,  30, 12, 20):  0.8263888888888888,
 (60,  30, 12, 50):  0.8767361111111112,
 (60,  30, 12, 100): 0.8958333333333334,
 (60,  40, 4,  20):  0.8576388888888888,
 (60,  40, 4,  50):  0.9027777777777778,
 (60,  40, 4,  100): 0.8871527777777778,
 (60,  40, 8,  20):  0.8506944444444444,
 (60,  40, 8,  50):  0.8819444444444444,
 (60,  40, 8,  100): 0.8784722222222222,
 (60,  40, 12, 20):  0.8645833333333334,
 (60,  40, 12, 50):  0.8715277777777778,
 (60,  40, 12, 100): 0.8854166666666666,
 (60,  50, 4,  20):  0.8194444444444444,
 (60,  50, 4,  50):  0.890625,
 (60,  50, 4,  100): 0.8923611111111112,
 (60,  50, 8,  20):  0.8767361111111112,
 (60,  50, 8,  50):  0.8697916666666666,
 (60,  50, 8,  100): 0.8802083333333334,
 (60,  50, 12, 20):  0.8767361111111112,
 (60,  50, 12, 50):  0.8680555555555556,
 (60,  50, 12, 100): 0.90625,
 (100, 20, 4,  20):  0.8802083333333334,
 (100, 20, 4,  50):  0.8993055555555556,
 (100, 20, 4,  100): 0.8923611111111112,
 (100, 20, 8,  20):  0.8836805555555556,
 (100, 20, 8,  50):  0.8819444444444444,
 (100, 20, 8,  100): 0.8958333333333334,
 (100, 20, 12, 20):  0.8732638888888888,
 (100, 20, 12, 50):  0.9027777777777778,
 (100, 20, 12, 100): 0.8784722222222222,
 (100, 30, 4,  20):  0.8680555555555556,
 (100, 30, 4,  50):  0.8871527777777778,
 (100, 30, 4,  100): 0.8784722222222222,
 (100, 30, 8,  20):  0.8697916666666666,
 (100, 30, 8,  50):  0.8958333333333334,
 (100, 30, 8,  100): 0.8993055555555556,
 (100, 30, 12, 20):  0.8506944444444444,
 (100, 30, 12, 50):  0.8940972222222222,
 (100, 30, 12, 100): 0.8958333333333334,
 (100, 40, 4,  20):  0.8715277777777778,
 (100, 40, 4,  50):  0.8975694444444444,
 (100, 40, 4,  100): 0.8836805555555556,
 (100, 40, 8,  20):  0.8854166666666666,
 (100, 40, 8,  50):  0.8802083333333334,
 (100, 40, 8,  100): 0.8871527777777778,
 (100, 40, 12, 20):  0.8680555555555556,
 (100, 40, 12, 50):  0.8940972222222222,
 (100, 40, 12, 100): 0.8993055555555556,
 (100, 50, 4,  20):  0.8732638888888888,
 (100, 50, 4,  50):  0.8958333333333334,
 (100, 50, 4,  100): 0.875,
 (100, 50, 8,  20):  0.8472222222222222,
 (100, 50, 8,  50):  0.8802083333333334,
 (100, 50, 8,  100): 0.8975694444444444,
 (100, 50, 12, 20):  0.8611111111111112,
 (100, 50, 12, 50):  0.8767361111111112,
 (100, 50, 12, 100): 0.8975694444444444,
 (140, 20, 4,  20):  0.8732638888888888,
 (140, 20, 4,  50):  0.8888888888888888,
 (140, 20, 4,  100): 0.890625,
 (140, 20, 8,  20):  0.8645833333333334,
 (140, 20, 8,  50):  0.8854166666666666,
 (140, 20, 8,  100): 0.8819444444444444,
 (140, 20, 12, 20):  0.8784722222222222,
 (140, 20, 12, 50):  0.8958333333333334,
 (140, 20, 12, 100): 0.8784722222222222,
 (140, 30, 4,  20):  0.8923611111111112,
 (140, 30, 4,  50):  0.8871527777777778,
 (140, 30, 4,  100): 0.8854166666666666,
 (140, 30, 8,  20):  0.9010416666666666,
 (140, 30, 8,  50):  0.890625,
 (140, 30, 8,  100): 0.890625,
 (140, 30, 12, 20):  0.8923611111111112,
 (140, 30, 12, 50):  0.8836805555555556,
 (140, 30, 12, 100): 0.8923611111111112,
 (140, 40, 4,  20):  0.8888888888888888,
 (140, 40, 4,  50):  0.8802083333333334,
 (140, 40, 4,  100): 0.8923611111111112,
 (140, 40, 8,  20):  0.8697916666666666,
 (140, 40, 8,  50):  0.9010416666666666,
 (140, 40, 8,  100): 0.8784722222222222,
 (140, 40, 12, 20):  0.8628472222222222,
 (140, 40, 12, 50):  0.875,
 (140, 40, 12, 100): 0.8732638888888888,
 (140, 50, 4,  20):  0.8732638888888888,
 (140, 50, 4,  50):  0.8923611111111112,
 (140, 50, 4,  100): 0.9149305555555556,
 (140, 50, 8,  20):  0.859375,
 (140, 50, 8,  50):  0.8993055555555556,
 (140, 50, 8,  100): 0.8975694444444444,
 (140, 50, 12, 20):  0.8784722222222222,
 (140, 50, 12, 50):  0.8888888888888888,
 (140, 50, 12, 100): 0.8784722222222222,
 (180, 20, 4,  20):  0.8767361111111112,
 (180, 20, 4,  50):  0.8923611111111112,
 (180, 20, 4,  100): 0.8854166666666666,
 (180, 20, 8,  20):  0.8663194444444444,
 (180, 20, 8,  50):  0.8767361111111112,
 (180, 20, 8,  100): 0.9027777777777778,
 (180, 20, 12, 20):  0.8611111111111112,
 (180, 20, 12, 50):  0.8975694444444444,
 (180, 20, 12, 100): 0.9010416666666666,
 (180, 30, 4,  20):  0.8784722222222222,
 (180, 30, 4,  50):  0.8802083333333334,
 (180, 30, 4,  100): 0.875,
 (180, 30, 8,  20):  0.8767361111111112,
 (180, 30, 8,  50):  0.890625,
 (180, 30, 8,  100): 0.890625,
 (180, 30, 12, 20):  0.8802083333333334,
 (180, 30, 12, 50):  0.8819444444444444,
 (180, 30, 12, 100): 0.8958333333333334,
 (180, 40, 4,  20):  0.8888888888888888,
 (180, 40, 4,  50):  0.8871527777777778,
 (180, 40, 4,  100): 0.890625,
 (180, 40, 8,  20):  0.8663194444444444,
 (180, 40, 8,  50):  0.8975694444444444,
 (180, 40, 8,  100): 0.8958333333333334,
 (180, 40, 12, 20):  0.8715277777777778,
 (180, 40, 12, 50):  0.8923611111111112,
 (180, 40, 12, 100): 0.8836805555555556,
 (180, 50, 4,  20):  0.8680555555555556,
 (180, 50, 4,  50):  0.8871527777777778,
 (180, 50, 4,  100): 0.8940972222222222,
 (180, 50, 8,  20):  0.8836805555555556,
 (180, 50, 8,  50):  0.8802083333333334,
 (180, 50, 8,  100): 0.9010416666666666,
 (180, 50, 12, 20):  0.8732638888888888,
 (180, 50, 12, 50):  0.8940972222222222,
 (180, 50, 12, 100): 0.8888888888888888,
 (220, 20, 4,  20):  0.8107638888888888,
 (220, 20, 4,  50):  0.9010416666666666,
 (220, 20, 4,  100): 0.8975694444444444,
 (220, 20, 8,  20):  0.8802083333333334,
 (220, 20, 8,  50):  0.8923611111111112,
 (220, 20, 8,  100): 0.8871527777777778,
 (220, 20, 12, 20):  0.875,
 (220, 20, 12, 50):  0.890625,
 (220, 20, 12, 100): 0.8854166666666666,
 (220, 30, 4,  20):  0.8767361111111112,
 (220, 30, 4,  50):  0.9010416666666666,
 (220, 30, 4,  100): 0.8836805555555556,
 (220, 30, 8,  20):  0.8854166666666666,
 (220, 30, 8,  50):  0.875,
 (220, 30, 8,  100): 0.890625,
 (220, 30, 12, 20):  0.8854166666666666,
 (220, 30, 12, 50):  0.8854166666666666,
 (220, 30, 12, 100): 0.8975694444444444,
 (220, 40, 4,  20):  0.8697916666666666,
 (220, 40, 4,  50):  0.8958333333333334,
 (220, 40, 4,  100): 0.9027777777777778,
 (220, 40, 8,  20):  0.8732638888888888,
 (220, 40, 8,  50):  0.8854166666666666,
 (220, 40, 8,  100): 0.8923611111111112,
 (220, 40, 12, 20):  0.8854166666666666,
 (220, 40, 12, 50):  0.8802083333333334,
 (220, 40, 12, 100): 0.8854166666666666,
 (220, 50, 4,  20):  0.8888888888888888,
 (220, 50, 4,  50):  0.890625,
 (220, 50, 4,  100): 0.8871527777777778,
 (220, 50, 8,  20):  0.8854166666666666,
 (220, 50, 8,  50):  0.8732638888888888,
 (220, 50, 8,  100): 0.8784722222222222,
 (220, 50, 12, 20):  0.8871527777777778,
 (220, 50, 12, 50):  0.8854166666666666,
 (220, 50, 12, 100): 0.8854166666666666,
 (260, 20, 4,  20):  0.8940972222222222,
 (260, 20, 4,  50):  0.8975694444444444,
 (260, 20, 4,  100): 0.8784722222222222,
 (260, 20, 8,  20):  0.8854166666666666,
 (260, 20, 8,  50):  0.9010416666666666,
 (260, 20, 8,  100): 0.8940972222222222,
 (260, 20, 12, 20):  0.8854166666666666,
 (260, 20, 12, 50):  0.8975694444444444,
 (260, 20, 12, 100): 0.9027777777777778,
 (260, 30, 4,  20):  0.8854166666666666,
 (260, 30, 4,  50):  0.890625,
 (260, 30, 4,  100): 0.8923611111111112,
 (260, 30, 8,  20):  0.8506944444444444,
 (260, 30, 8,  50):  0.875,
 (260, 30, 8,  100): 0.890625,
 (260, 30, 12, 20):  0.875,
 (260, 30, 12, 50):  0.8993055555555556,
 (260, 30, 12, 100): 0.9045138888888888,
 (260, 40, 4,  20):  0.8732638888888888,
 (260, 40, 4,  50):  0.8836805555555556,
 (260, 40, 4,  100): 0.9045138888888888,
 (260, 40, 8,  20):  0.8923611111111112,
 (260, 40, 8,  50):  0.8888888888888888,
 (260, 40, 8,  100): 0.8871527777777778,
 (260, 40, 12, 20):  0.8680555555555556,
 (260, 40, 12, 50):  0.8854166666666666,
 (260, 40, 12, 100): 0.890625,
 (260, 50, 4,  20):  0.8819444444444444,
 (260, 50, 4,  50):  0.8854166666666666,
 (260, 50, 4,  100): 0.8940972222222222,
 (260, 50, 8,  20):  0.8923611111111112,
 (260, 50, 8,  50):  0.8871527777777778,
 (260, 50, 8,  100): 0.9027777777777778,
 (260, 50, 12, 20):  0.8784722222222222,
 (260, 50, 12, 50):  0.8871527777777778,
 (260, 50, 12, 100): 0.8836805555555556}

All below on SMALL DATASET
Neurons per layer: accuracy

{(200, 20): 0.875,
 (200, 40): 0.890625,
 (200, 60): 0.8784722222222222,
 (250, 20): 0.8697916666666666,
 (250, 40): 0.8732638888888888,
 (250, 60): 0.8697916666666666,
 (250, 80): 0.8767361111111112,
 (300, 20): 0.8888888888888888,
 (300, 40): 0.8732638888888888,
 (300, 60): 0.8697916666666666,
 (300, 80): 0.8958333333333334,
 (350, 20): 0.8802083333333334,
 (350, 40): 0.8732638888888888,
 (350, 60): 0.8836805555555556,
 (350, 80): 0.8819444444444444,
 (350, 100): 0.8697916666666666,
 (400, 20): 0.8819444444444444,
 (400, 40): 0.875,
 (400, 60): 0.8802083333333334,
 (400, 80): 0.8854166666666666,
 (400, 100): 0.8836805555555556,
 (400, 120): 0.8871527777777778}

{10: 0.8871527777777778,
 60: 0.8940972222222222,
 110: 0.8958333333333334,
 160: 0.8975694444444444,
 210: 0.9045138888888888,
 260: 0.8975694444444444}
